0000047 320 240 100.650376
0000051 320 240 131.107735
0000059 320 240 140.389503
0000072 320 240 112.544199
0000087 320 240 174.864641
0000176 320 240 132.433702
0000382 320 214 138.240331
0000631 320 180 80.0
0000643 320 240 108.566298
0000697 320 220 74.035912
0000759 320 242 168.295580
0000794 320 241 167.602210
0000952 320 240 44.675824
0001677 320 240 71.049451
0002136 320 240 81.598901
0002395 320 240 119.840659
0002755 320 240 90.829670
0003178 320 285 32.601648
0003423 214 320 150.829670
0003463 320 213 108.755495
0003728 320 240 113.870166
0003793 320 240 129.781768
0003957 320 242 53.312155
0004028 320 240 76.743094
0004069 320 240 39.616022
0004294 320 240 131.107735
0004498 320 240 68.787293
0004774 320 213 97.585635
0005074 320 240 87.350829
0005079 320 240 101.936464
0005633 320 240 176.190608
0006575 320 240 74.091160
0007323 320 224 121.730769
0007545 320 214 104.560440
0007932 320 240 82.917582
0009212 320 213 74.815934
0010830 320 240 129.071429
0010950 320 240 201.598901
0011003 320 213 120.458791
0011033 320 240 76.324176
0011073 320 240 112.544199
0011088 320 240 108.566298
0011116 320 240 136.411602
0011154 320 240 165.582873
0100026 320 213 111.707182
0100030 320 240 105.914365
0100061 320 213 139.950276
0100091 320 240 164.256906
0100113 320 212 84.245856
0100132 320 269 187.016575
0100164 320 240 115.196133
0100241 320 240 109.892265
0100477 320 213 81.837912
0100579 320 212 98.928571
0100628 320 251 162.546703
0100740 320 240 160.719780
0100787 320 237 126.162088
0100822 320 239 107.524725
0100851 320 240 63.137363
0100855 240 320 254.565934
0100892 320 240 113.870166
0100935 320 240 80.720994
0101060 320 242 105.455801
0101121 240 320 275.417127
0101434 320 212 140.466851
0101463 320 240 202.709945
0101488 320 213 77.580110
0101492 320 214 94.494475
0101801 320 240 101.936464
0102039 320 212 97.129834
0102170 320 240 170.886740
0102234 320 240 86.024862
0102403 320 240 43.357143
0102435 320 240 118.521978
0102436 320 240 98.741758
0102534 320 213 90.030220
0102544 320 240 53.906593
0102566 320 240 106.653846
0103256 320 240 59.181319
0103344 320 213 57.260989
0103420 320 240 140.389503
0103468 320 240 120.000000
0103740 320 240 96.632597
0104019 320 240 201.383978
0104194 291 320 100.389503
0104439 320 214 159.522099
0104463 320 240 156.301105
0104552 320 240 115.196133
0104808 320 240 115.196133
0104958 320 213 157.602210
0105003 320 240 84.698895
0105064 320 240 80.720994
0105146 320 194 84.175824
0105159 320 240 131.708791
0105305 240 320 214.126374
1000061 320 213 130.991758
1000063 240 320 252.807692
1000097 240 320 98.082418
1000105 320 240 183.137363
1000288 320 240 77.642857
1000351 240 320 149.892265
1000413 320 240 164.256906
1000505 320 240 97.958564
1000580 320 240 32.986188
1000615 240 320 107.461326
1000731 320 240 72.765193
1000875 320 240 112.544199
1000882 320 240 129.781768
1000929 320 240 165.582873
1000947 320 240 91.328729